xi=[ -1.7037037037037
 -1.26851851851852
 0.73148148148148
 1.7037037037037
 1.76851851851852
 0.0555555555555543
 -1.27777777777778];
yi=[ -0.0920096852300246
 -0.89588377723971
 -1.11864406779661
 -0.276029055690073
 0.963680387409201
 1.59322033898305
 1.03147699757869];
