# Created by Octave 2.1.66, Mon Mar 14 16:12:44 2005 CET <sha@karman.hta-bi.bfh.ch>
# name: xi
# type: matrix
# rows: 8
# columns: 1
 -1.75919732441472
 -1.4247491638796
 -0.909698996655518
 -0.588628762541806
 -0.234113712374582
 0.294314381270903
 1.18394648829431
 1.55852842809365
# name: yi
# type: matrix
# rows: 8
# columns: 1
 -1.71364653243848
 -1.00671140939597
 -0.272930648769575
 0.389261744966443
 0.863534675615213
 0.961968680089486
 1.20357941834452
 1.6510067114094
