xi=[ -1.75919732441472
 -1.4247491638796
 -0.909698996655518
 -0.588628762541806
 -0.234113712374582
 0.294314381270903
 1.18394648829431
 1.55852842809365];
yi=[ -1.71364653243848
 -1.00671140939597
 -0.272930648769575
 0.389261744966443
 0.863534675615213
 0.961968680089486
 1.20357941834452
 1.6510067114094];

