angle=[
 -0
 12
 24
 31
 37
 42
 45
 49
 54
 59
 66
 75
 86
 90];

intensity=[
 0.994
 0.963
 0.87
 0.808
 0.693
 0.596
 0.544
 0.464
 0.348
 0.231
 0.112
 0.022
 0.009
 0];

