diam = [0.0025 0.00375 0.005 0.00625 0.0075;
        0.0025 0.00375 0.005 0.00625 0.0075;
        0.0025 0.00375 0.005 0.00625 0.0075;
        0.0025 0.00375 0.005 0.00625 0.0075;
        0.0025 0.00375 0.005 0.00625 0.0075]*1000;

long = [0.001801 0.002412 0.003283 0.004465 0.005447;
        0.003106 0.004162 0.0057 0.007879 0.009714;
        0.004388 0.00588 0.008065 0.011197 0.013843;
        0.005662 0.007588 0.010415 0.014484 0.017928;
        0.006933 0.009292 0.012757 0.017757 0.021992]*1000;

force = [0.044 0.155 0.397 0.874 1.577;
         0.078 0.273 0.701 1.573 2.892;
         0.111 0.388 0.997 2.247 4.152;
         0.144 0.502 1.289 2.913 5.393;
         0.176 0.615 1.581 3.574 6.625];
