al=[0.00000
  0.17453
  0.34907
  0.52360
  0.69813
  0.87266
  1.04720
  1.22173
  1.39626
  1.57080
  1.74533
  1.91986
  2.09440
  2.26893
  2.44346
  2.61799
  2.79253
  2.96706
  3.14159
  3.31613
  3.49066
  3.66519
  3.83972
  4.01426
  4.18879
  4.36332
  4.53786
  4.71239
  4.88692
  5.06145
  5.23599
  5.41052
  5.58505
  5.75959
  5.93412
  6.10865
  6.28319];


x=[4.5218
   4.5786
   4.5182
   4.4887
   4.1125
   3.9330
   3.6987
   3.2058
   2.9488
   2.4784
   2.0265
   1.5164
   1.3066
   0.9826
   0.4137
   0.1753
  -0.0280
  -0.2142
  -0.3685
  -0.1931
  -0.0595
  -0.1417
   0.1735
   0.4465
   0.6164
   0.9552
   1.4850
   1.7467
   2.3382
   2.7722
   3.1822
   3.4260
   3.7939
   4.1398
   4.2752
   4.3415
   4.5420];

y=[1.6395
   1.9096
   2.4897
   2.7047
   3.0016
   3.5042
   3.7545
   3.7750
   3.8769
   4.0358
   3.9174
   4.0518
   3.7968
   3.7835
   3.3668
   3.0330
   2.7699
   2.4142
   2.1949
   1.6297
   1.3731
   1.0943
   0.8606
   0.3070
   0.1515
  -0.0206
  -0.1318
  -0.3551
  -0.3554
  -0.2774
  -0.1359
  -0.1285
   0.5268
   0.7110
   1.1369
   1.4216
   1.9007];

