al=[0.00000
  0.17453
  0.34907
  0.52360
  0.69813
  0.87266
  1.04720
  1.22173
  1.39626
  1.57080
  1.74533
  1.91986
  2.09440
  2.26893
  2.44346
  2.61799
  2.79253
  2.96706
  3.14159
  3.31613
  3.49066
  3.66519
  3.83972
  4.01426
  4.18879
  4.36332
  4.53786
  4.71239
  4.88692
  5.06145
  5.23599
  5.41052
  5.58505
  5.75959
  5.93412
  6.10865
  6.28319];

x =[1.4998476
   1.4853555
   1.4385311
   1.3668313
   1.2666029
   1.1421551
   1.0008785
   0.8423117
   0.6731086
   0.4999591
   0.3262577
   0.1590219
  -0.0009087
  -0.1426738
  -0.2671953
  -0.3648749
  -0.4396198
  -0.4849173
  -0.5005390
  -0.4834948
  -0.4383368
  -0.3646720
  -0.2666063
  -0.1415949
  -0.0004883
   0.1564641
   0.3259903
   0.5002243
   0.6738121
   0.8428279
   0.9983543
   1.1432365
   1.2634696
   1.3645675
   1.4396809
   1.4836191
   1.5008778];

y =[-0.09620
   0.09764
   0.28512
   0.46592
   0.63005
   0.77784
   0.90039
   0.99630
   1.06317
   1.09636
   1.09632
   1.06385
   0.99632
   0.90131
   0.77773
   0.62925
   0.46359
   0.28483
   0.09592
  -0.09537
  -0.28453
  -0.46463
  -0.63091
  -0.77748
  -0.90065
  -0.99736
  -1.06271
  -1.09482
  -1.09749
  -1.06064
  -0.99800
  -0.90178
  -0.77706
  -0.63089
  -0.46343
  -0.28536
  -0.09530];
