data = [
14	581.906	605.319
14.5	580.761	606.275
15	582.895	602.246
15.5	578.58	603.97
16	574.932	600.633
16.5	577.128	598.727
17	570.496	598.631
17.5	562.951	599.214
18	558.252	600.592
18.5	554.113	601.761
19	552.339	600.421
19.5	553.57	604.461
20	552.768	606.742
20.5	554.908	608.461
21	551.825	610.156
21.5	553.219	612.019
22	556.027	613.877
22.5	560.527	613.991
23	562.907	615.598
23.5	567.735	614.998
24	571.667	613.035
24.5	574.609	613.626
25	576.332	613.262
25.5	578.455	612.603
26	583.172	612.928
26.5	584.288	609.861
27	584.78	611.882
27.5	585.797	608.91
28	584.69	607.736
28.5	583.32	608.152
29	580.441	608.303
29.5	578.105	608.816
30	576.366	609.339
30.5	573.243	610.513
31	571.807	611.431
31.5	571.396	612.852
32	570.406	612.931
32.5	571.169	613.677
33	573.673	614.345
33.5	572.999	614.937
34	575.679	614.656
34.5	575.367	614.847
35	575.68	615.777
35.5	578.309	614.691
36	580.689	613.969
36.5	577.294	613.323
37	580.269	614.23
37.5	583.701	613.389
38	582.958	611.194
38.5	581.816	609.027
39	579.597	611.914];

t = data(:,1); y = data(:,2);
